[[[36 36 36]
  [36 36 36]
  [36 36 36]
  ...
  [ 5  5  5]
  [ 5  5  5]
  [ 5  5  5]]

 [[36 36 36]
  [36 36 36]
  [36 36 36]
  ...
  [ 5  5  5]
  [ 5  5  5]
  [ 5  5  5]]

 [[36 36 36]
  [36 36 36]
  [36 36 36]
  ...
  [ 5  5  5]
  [ 5  5  5]
  [ 5  5  5]]

 ...

 [[36 36 36]
  [36 36 36]
  [36 36 36]
  ...
  [36 36 36]
  [36 36 36]
  [36 36 36]]

 [[36 36 36]
  [36 36 36]
  [36 36 36]
  ...
  [36 36 36]
  [36 36 36]
  [35 35 35]]

 [[36 36 36]
  [36 36 36]
  [36 36 36]
  ...
  [36 36 36]
  [35 35 35]
  [36 36 36]]]